year mon co2 date
1978 1 NaN 1978.042
1978 2 NaN 1978.125
1978 3 NaN 1978.208
1978 4 NaN 1978.292
1978 5 NaN 1978.375
1978 6 NaN 1978.458
1978 7 NaN 1978.542
1978 8 NaN 1978.625
1978 9 NaN 1978.708
1978 10 NaN 1978.792
1978 11 NaN 1978.875
1978 12 NaN 1978.958
1979 1 NaN 1979.042
1979 2 NaN 1979.125
1979 3 NaN 1979.208
1979 4 NaN 1979.292
1979 5 NaN 1979.375
1979 6 NaN 1979.458
1979 7 NaN 1979.542
1979 8 NaN 1979.625
1979 9 NaN 1979.708
1979 10 NaN 1979.792
1979 11 NaN 1979.875
1979 12 NaN 1979.958
1980 2 NaN 1980.125
1980 3 NaN 1980.208
1980 4 NaN 1980.292
1980 5 NaN 1980.375
1980 6 NaN 1980.458
1980 7 NaN 1980.542
1980 9 NaN 1980.708
1980 10 NaN 1980.792
1980 11 NaN 1980.875
1981 1 NaN 1981.042
1981 2 NaN 1981.125
1981 3 NaN 1981.208
1981 4 NaN 1981.292
1981 5 NaN 1981.375
1981 6 NaN 1981.458
1981 7 NaN 1981.542
1981 8 NaN 1981.625
1981 9 NaN 1981.708
1981 10 NaN 1981.792
1981 11 NaN 1981.875
1981 12 NaN 1981.958
1982 1 NaN 1982.042
1982 2 NaN 1982.125
1982 3 NaN 1982.208
1982 4 NaN 1982.292
1982 5 NaN 1982.375
1982 6 NaN 1982.458
1982 7 NaN 1982.542
1982 8 NaN 1982.625
1982 9 NaN 1982.708
1982 10 NaN 1982.792
1982 11 NaN 1982.875
1982 12 NaN 1982.958
1983 1 NaN 1983.042
1983 2 NaN 1983.125
1983 3 NaN 1983.208
1983 4 NaN 1983.292
1983 5 NaN 1983.375
1983 6 NaN 1983.458
1983 7 NaN 1983.542
1983 8 NaN 1983.625
1983 9 NaN 1983.708
1983 10 NaN 1983.792
1983 11 NaN 1983.875
1983 12 NaN 1983.958
1984 1 NaN 1984.042
1984 2 NaN 1984.125
1984 3 NaN 1984.208
1984 4 NaN 1984.292
1984 5 NaN 1984.375
1984 6 NaN 1984.458
1984 7 NaN 1984.542
1984 8 NaN 1984.625
1984 9 NaN 1984.708
1984 10 NaN 1984.792
1984 11 NaN 1984.875
1984 12 NaN 1984.958
1985 1 NaN 1985.042
1985 2 NaN 1985.125
1985 3 NaN 1985.208
1985 4 NaN 1985.292
1985 5 NaN 1985.375
1985 6 NaN 1985.458
1985 7 NaN 1985.542
1985 8 NaN 1985.625
1985 9 NaN 1985.708
1985 10 NaN 1985.792
1985 11 NaN 1985.875
1985 12 NaN 1985.958
1986 1 NaN 1986.042
1986 2 NaN 1986.125
1986 3 NaN 1986.208
1986 4 NaN 1986.292
1986 5 NaN 1986.375
1986 6 NaN 1986.458
1986 7 NaN 1986.542
1986 8 NaN 1986.625
1986 9 NaN 1986.708
1986 10 NaN 1986.792
1986 11 NaN 1986.875
1986 12 NaN 1986.958
1987 1 NaN 1987.042
1987 2 NaN 1987.125
1987 3 NaN 1987.208
1987 4 NaN 1987.292
1987 5 NaN 1987.375
1987 6 NaN 1987.458
1987 7 NaN 1987.542
1987 8 NaN 1987.625
1987 9 NaN 1987.708
1987 10 NaN 1987.792
1987 12 NaN 1987.958
1988 1 NaN 1988.042
1988 2 NaN 1988.125
1988 3 NaN 1988.208
1988 4 NaN 1988.292
1988 5 NaN 1988.375
1988 6 NaN 1988.458
1988 7 NaN 1988.542
1988 8 NaN 1988.625
1988 9 NaN 1988.708
1988 10 NaN 1988.792
1988 11 NaN 1988.875
1988 12 NaN 1988.958
1989 1 NaN 1989.042
1989 2 NaN 1989.125
1989 3 NaN 1989.208
1989 4 NaN 1989.292
1989 5 NaN 1989.375
1989 6 NaN 1989.458
1989 7 NaN 1989.542
1989 8 NaN 1989.625
1989 9 NaN 1989.708
1989 10 NaN 1989.792
1989 11 NaN 1989.875
1989 12 NaN 1989.958
1990 1 NaN 1990.042
1990 2 NaN 1990.125
1990 3 NaN 1990.208
1990 4 NaN 1990.292
1990 5 NaN 1990.375
1990 6 NaN 1990.458
1990 7 NaN 1990.542
1990 8 NaN 1990.625
1990 9 NaN 1990.708
1990 10 NaN 1990.792
1990 11 NaN 1990.875
1990 12 NaN 1990.958
1991 1 NaN 1991.042
1991 2 NaN 1991.125
1991 3 NaN 1991.208
1991 4 NaN 1991.292
1991 5 NaN 1991.375
1991 6 NaN 1991.458
1991 7 NaN 1991.542
1991 8 NaN 1991.625
1991 9 NaN 1991.708
1991 10 NaN 1991.792
1991 11 NaN 1991.875
1991 12 NaN 1991.958
1992 1 353.342 1992.042
1992 2 353.1237 1992.125
1992 3 353.3075 1992.208
1992 4 353.6087 1992.292
1992 5 354.0863 1992.375
1992 6 354.3863 1992.458
1992 7 354.8417 1992.542
1992 8 355.215 1992.625
1992 9 355.4771 1992.708
1992 10 355.7983 1992.792
1992 11 355.2713 1992.875
1992 12 355.03 1992.958
1993 1 354.5213 1993.042
1993 2 354.075 1993.125
1993 3 354.449 1993.208
1993 4 354.785 1993.292
1993 5 354.925 1993.375
1993 6 354.9725 1993.458
1993 7 355.43 1993.542
1993 8 356.059 1993.625
1993 9 356.4033 1993.708
1993 10 356.61 1993.792
1993 11 356.3462 1993.875
1993 12 356.135 1993.958
1994 1 355.5875 1994.042
1994 2 355.7225 1994.125
1994 3 355.8025 1994.208
1994 4 355.9917 1994.292
1994 5 356.172 1994.375
1994 6 356.1975 1994.458
1994 7 356.255 1994.542
1994 8 357.1225 1994.625
1994 9 357.53 1994.708
1994 10 357.636 1994.792
1994 11 357.525 1994.875
1994 12 357.1342 1994.958
1995 1 356.6829 1995.042
1995 2 356.9633 1995.125
1995 3 357.095 1995.208
1995 4 357.96 1995.292
1995 5 358.38 1995.375
1995 6 358.2067 1995.458
1995 7 358.456 1995.542
1995 8 358.87 1995.625
1995 10 359.5983 1995.792
1995 11 359.631 1995.875
1995 12 358.9638 1995.958
1996 1 358.4433 1996.042
1996 2 358.7075 1996.125
1996 3 358.9825 1996.208
1996 4 359.109 1996.292
1996 5 359.5788 1996.375
1996 6 359.7163 1996.458
1996 7 359.9625 1996.542
1996 8 360.651 1996.625
1996 9 360.895 1996.708
1996 10 360.973 1996.792
1996 11 360.79 1996.875
1996 12 360.305 1996.958
1997 1 360.1643 1997.042
1997 2 360.0367 1997.125
1997 3 359.9383 1997.208
1997 4 360.66 1997.292
1997 5 360.87 1997.375
1997 6 361.0925 1997.458
1997 7 361.7525 1997.542
1997 8 361.9663 1997.625
1997 9 NaN 1997.708
1997 10 362.2425 1997.792
1997 11 362.195 1997.875
1997 12 362.0987 1997.958
1998 1 362.1217 1998.042
1998 2 361.9217 1998.125
1998 3 362.275 1998.208
1998 4 362.71 1998.292
1998 5 363.1938 1998.375
1998 6 364.0443 1998.458
1998 7 364.421 1998.542
1998 8 364.735 1998.625
1998 9 365.0688 1998.708
1998 10 365.175 1998.792
1998 11 365.01 1998.875
1998 12 364.9 1998.958
1999 1 364.8162 1999.042
1999 2 364.6783 1999.125
1999 3 364.8025 1999.208
1999 4 365.1687 1999.292
1999 5 365.557 1999.375
1999 6 365.7475 1999.458
1999 7 366.011 1999.542
1999 8 366.385 1999.625
1999 9 366.7538 1999.708
1999 10 366.9563 1999.792
1999 11 366.7829 1999.875
1999 12 366.4643 1999.958
2000 1 366.0583 2000.042
2000 2 365.995 2000.125
2000 3 366.3037 2000.208
2000 4 366.44 2000.292
2000 5 366.5612 2000.375
2000 6 366.92 2000.458
2000 7 366.9967 2000.542
2000 8 367.6875 2000.625
2000 9 367.7262 2000.708
2000 10 367.892 2000.792
2000 11 367.6938 2000.875
2000 12 367.4887 2000.958
2001 1 367.264 2001.042
2001 2 367.16 2001.125
2001 3 367.28 2001.208
2001 4 367.755 2001.292
2001 5 368.3 2001.375
2001 6 368.3712 2001.458
2001 7 368.808 2001.542
2001 8 369.4117 2001.625
2001 9 369.625 2001.708
2001 10 370.1513 2001.792
2001 11 369.9963 2001.875
2001 12 369.6683 2001.958
2002 1 369.395 2002.042
2002 2 369.21 2002.125
2002 3 369.4486 2002.208
2002 4 369.735 2002.292
2002 5 370.208 2002.375
2002 6 370.575 2002.458
2002 7 371.308 2002.542
2002 8 371.6333 2002.625
2002 9 372.0583 2002.708
2002 10 372.1114 2002.792
2002 11 372.003 2002.875
2002 12 371.7437 2002.958
2003 1 371.71 2003.042
2003 2 371.965 2003.125
2003 3 371.8883 2003.208
2003 4 372.2262 2003.292
2003 5 372.789 2003.375
2003 6 373.1587 2003.458
2003 7 373.525 2003.542
2003 8 373.98 2003.625
2003 9 374.215 2003.708
2003 10 374.24 2003.792
2003 11 374.1062 2003.875
2003 12 373.9388 2003.958
2004 1 373.6733 2004.042
2004 2 373.6733 2004.125
2004 3 373.809 2004.208
2004 4 374.1325 2004.292
2004 5 374.44 2004.375
2004 6 374.8083 2004.458
2004 7 375.32 2004.542
2004 8 375.7167 2004.625
2004 9 376.335 2004.708
2004 10 376.315 2004.792
2004 11 376.0975 2004.875
2004 12 375.5813 2004.958
2005 1 375.191 2005.042
2005 2 375.2575 2005.125
2005 3 375.365 2005.208
2005 4 375.8612 2005.292
2005 5 376.3425 2005.375
2005 6 377.068 2005.458
2005 7 377.585 2005.542
2005 8 377.927 2005.625
2005 9 378.195 2005.708
2005 10 378.1067 2005.792
2005 11 378.061 2005.875
2005 12 377.6938 2005.958
2006 1 377.3037 2006.042
2006 2 377.25 2006.125
2006 3 377.7663 2006.208
2006 4 378.0362 2006.292
2006 5 378.26 2006.375
2006 6 378.659 2006.458
2006 7 378.9557 2006.542
2006 8 379.3088 2006.625
2006 9 379.6557 2006.708
2006 10 379.675 2006.792
2006 11 379.6162 2006.875
2006 12 379.165 2006.958
2007 1 379.004 2007.042
2007 2 379.2075 2007.125
2007 3 379.2063 2007.208
2007 4 379.85 2007.292
2007 5 380.241 2007.375
2007 6 380.619 2007.458
2007 7 380.9625 2007.542
2007 8 381.558 2007.625
2007 9 381.925 2007.708
2007 10 381.975 2007.792
2007 11 381.926 2007.875
2007 12 381.605 2007.958
2008 1 381.5838 2008.042
2008 2 381.4717 2008.125
2008 3 381.791 2008.208
2008 4 382.065 2008.292
2008 5 382.167 2008.375
2008 6 382.5122 2008.458
2008 7 383.1083 2008.542
2008 8 383.4575 2008.625
2008 9 384.058 2008.708
2008 10 384.0487 2008.792
2008 11 383.6 2008.875
2008 12 383.335 2008.958
2009 1 383.1612 2009.042
2009 2 383.2 2009.125
2009 3 383.345 2009.208
2009 4 383.49 2009.292
2009 5 383.6657 2009.375
2009 6 383.977 2009.458
2009 7 384.4038 2009.542
2009 8 384.8062 2009.625
2009 9 385.122 2009.708
2009 10 385.485 2009.792
2009 11 385.191 2009.875
2009 12 384.88 2009.958
2010 1 384.755 2010.042
2010 2 384.2713 2010.125
2010 3 384.57 2010.208
2010 4 384.915 2010.292
2010 5 385.371 2010.375
2010 6 385.9513 2010.458
2010 7 386.4588 2010.542
2010 8 387.435 2010.625
2010 9 387.7212 2010.708
2010 10 387.5813 2010.792
2010 11 387.508 2010.875
2010 12 387.1062 2010.958
2011 1 386.4762 2011.042
2011 2 386.6683 2011.125
2011 3 386.752 2011.208
2011 4 386.9688 2011.292
2011 5 387.42 2011.375
2011 6 387.73 2011.458
2011 7 388.2163 2011.542
2011 8 388.838 2011.625
2011 9 389.035 2011.708
2011 10 389.1262 2011.792
2011 11 389.27 2011.875
2011 12 388.741 2011.958
2012 1 388.455 2012.042
2012 2 388.493 2012.125
2012 3 388.7975 2012.208
2012 4 389.1275 2012.292
2012 5 389.5063 2012.375
2012 6 389.83 2012.458
2012 7 390.873 2012.542
2012 8 391.2163 2012.625
2012 9 391.4112 2012.708
2012 10 391.5938 2012.792
2012 11 391.4967 2012.875
2012 12 391.095 2012.958
2013 1 391.019 2013.042
2013 2 390.992 2013.125
2013 3 391.269 2013.208
2013 4 392.095 2013.292
2013 5 392.414 2013.375
2013 6 392.6143 2013.458
2013 7 393.32 2013.542
2013 8 393.769 2013.625
2013 9 394.0517 2013.708
2013 10 394.2212 2013.792
2013 11 394.065 2013.875
2013 12 394.0029 2013.958
2014 1 393.304 2014.042
2014 2 393.1417 2014.125
2014 3 393.33 2014.208
2014 4 393.7912 2014.292
2014 5 394.425 2014.375
2014 6 394.5562 2014.458
2014 7 395.11 2014.542
2014 8 395.595 2014.625
2014 9 396.0733 2014.708
2014 10 395.98 2014.792
2014 11 395.9062 2014.875
2014 12 395.5425 2014.958
2015 1 395.4042 2015.042
2015 2 395.5325 2015.125
2015 3 395.8587 2015.208
2015 4 396.1357 2015.292
2015 5 396.7975 2015.375
2015 6 397.0663 2015.458
2015 7 397.765 2015.542
2015 8 398.185 2015.625
2015 9 398.6825 2015.708
2015 10 398.617 2015.792
2015 11 398.6 2015.875
2015 12 398.635 2015.958
2016 1 398.231 2016.042
2016 2 398.21 2016.125
2016 3 398.5362 2016.208
2016 4 399.0614 2016.292
2016 5 399.995 2016.375
2016 6 400.8225 2016.458
2016 7 401.0075 2016.542
2016 8 401.5267 2016.625
2016 9 402.33 2016.708
2016 10 401.6867 2016.792
2016 11 401.396 2016.875
2016 12 401.083 2016.958
2017 1 400.728 2017.042
2017 2 400.6775 2017.125
2017 3 400.753 2017.208
2017 4 401.2517 2017.292
2017 5 401.5 2017.375
2017 6 402.2262 2017.458
2017 7 402.41 2017.542
2017 8 403.2362 2017.625
2017 9 403.66 2017.708
2017 10 403.7812 2017.792
2017 11 403.7675 2017.875
2017 12 403.3583 2017.958
2018 1 403.144 2018.042
2018 2 403.3362 2018.125
2018 3 403.6625 2018.208
2018 4 404.0138 2018.292
2018 5 404.5925 2018.375
