date co2 co2dseas co2fit co2fitdseas n year mon
1996.038 NA NA 358.794 359.2912 0 1996 1
1996.123 NA NA 358.7192 359.3938 0 1996 2
1996.202 NA NA 358.8692 359.4899 0 1996 3
1996.287 NA NA 359.1834 359.5925 0 1996 4
1996.369 NA NA 359.4702 359.6919 0 1996 5
1996.454 NA NA 359.7659 359.7945 0 1996 6
1996.535 NA NA 360.1981 359.8938 0 1996 7
1996.62 NA NA 360.6055 359.9965 0 1996 8
1996.705 361.034 360.1125 360.7634 360.0991 4 1996 9
1996.787 361.0308 360.1888 360.7832 360.1984 2 1996 10
1996.872 361.0181 360.4126 360.6494 360.301 2 1996 11
1996.954 360.3892 360.2135 360.3174 360.4006 1 1996 12
1997.038 360.0988 360.3366 360.0074 360.505 1 1997 1
1997.123 360.2995 360.7152 359.9364 360.6113 2 1997 2
1997.2 360.5902 360.9564 360.084 360.7086 2 1997 3
1997.285 360.9076 361.0645 360.4042 360.8186 1 1997 4
1997.367 360.9725 360.9401 360.7052 360.9302 2 1997 5
1997.452 361.3532 361.1301 361.0222 361.0555 2 1997 6
1997.534 361.4792 360.9249 361.4894 361.191 2 1997 7
1997.619 362.0273 361.1661 361.9575 361.3506 3 1997 8
1997.704 362.2735 361.3551 362.1973 361.5327 2 1997 9
1997.786 362.5795 361.7411 362.3157 361.7301 1 1997 10
1997.871 362.3023 361.6988 362.3041 361.9543 2 1997 11
1997.953 362.2517 362.0804 362.1057 362.1882 2 1997 12
1998.038 362.2019 362.4455 361.9451 362.4427 1 1998 1
1998.123 362.4263 362.8479 362.0292 362.7041 2 1998 2
1998.2 362.583 362.9548 362.3163 362.9409 2 1998 3
1998.285 363.2092 363.3726 362.785 363.1994 2 1998 4
1998.367 363.5549 363.5297 363.2167 363.4417 3 1998 5
1998.452 363.9729 363.7573 363.6486 363.6818 2 1998 6
1998.534 364.545 363.9993 364.202 363.9035 3 1998 7
1998.619 364.8264 363.9732 364.7285 364.1217 2 1998 8
1998.704 365.1918 364.2818 364.9944 364.3298 1 1998 9
1998.786 365.2755 364.4447 365.1072 364.5215 3 1998 10
1998.871 365.3082 364.7133 365.0586 364.7087 2 1998 11
1998.953 365.0551 364.8919 364.7949 364.8774 2 1998 12
1999.038 364.8546 365.1059 364.5392 365.0367 2 1999 1
1999.123 365.0416 365.4706 364.5044 365.1793 2 1999 2
1999.2 365.0364 365.4153 364.6688 365.2934 2 1999 3
1999.285 365.3569 365.5264 364.9916 365.4059 3 1999 4
1999.367 365.4226 365.403 365.2799 365.5049 2 1999 5
1999.452 365.7757 365.5654 365.5688 365.602 2 1999 6
1999.534 366.1307 365.5897 365.994 365.6955 2 1999 7
1999.619 366.4268 365.5783 366.4027 365.7959 2 1999 8
1999.704 366.6353 365.7296 366.5673 365.9027 3 1999 9
1999.786 366.8034 365.9771 366.5981 366.0124 2 1999 10
1999.871 366.4227 365.8311 366.4797 366.1298 2 1999 11
1999.953 366.6551 366.4966 366.162 366.2445 2 1999 12
2000.038 366.3011 366.5562 365.8622 366.3594 2 2000 1
2000.123 366.1925 366.6248 365.7923 366.4669 2 2000 2
2000.202 366.3497 366.7285 365.9393 366.56 3 2000 3
2000.287 366.481 366.6486 366.2436 366.6527 2 2000 4
2000.369 366.6978 366.6785 366.5171 366.7388 2 2000 5
2000.454 367.1425 366.9316 366.7989 366.8275 2 2000 6
2000.535 367.1684 366.6247 367.2205 366.9163 2 2000 7
2000.62 367.9037 367.0573 367.6232 367.0141 3 2000 8
2000.705 367.9965 367.0952 367.7837 367.1194 2 2000 9
2000.787 368.0278 367.2061 367.8143 367.2295 2 2000 10
2000.872 367.9086 367.323 367.7009 367.3525 2 2000 11
2000.954 367.74 367.5854 367.3978 367.4811 2 2000 12
2001.038 367.2858 367.5443 367.127 367.6246 2 2001 1
2001.123 367.1567 367.592 367.1059 367.7808 3 2001 2
2001.2 367.4982 367.8844 367.3085 367.9332 2 2001 3
2001.285 NA NA 367.6984 368.1128 0 2001 4
2001.367 NA NA 368.0699 368.2948 0 2001 5
2001.452 NA NA 368.4555 368.4887 0 2001 6
2001.534 NA NA 368.9777 368.6792 0 2001 7
2001.619 NA NA 369.4829 368.8761 0 2001 8
2001.704 NA NA 369.7348 369.0702 0 2001 9
2001.786 370.7115 369.8972 369.8383 369.2526 1 2001 10
2001.871 370.2169 369.6368 369.7826 369.4327 2 2001 11
2001.953 369.6868 369.5375 369.5164 369.5988 1 2001 12
2002.038 369.5794 369.8449 369.267 369.7646 2 2002 1
2002.123 369.3553 369.7974 369.2526 369.9275 2 2002 2
2002.2 369.607 369.9995 369.4504 370.0751 3 2002 3
2002.285 370.0962 370.2801 369.8268 370.2412 2 2002 4
2002.367 370.3456 370.3408 370.1811 370.4061 1 2002 5
2002.452 370.6468 370.4512 370.5487 370.5819 4 2002 6
2002.534 371.3793 370.8543 371.0563 370.7579 1 2002 7
2002.619 371.7863 370.9542 371.5515 370.9447 3 2002 8
2002.704 372.027 371.1378 371.8001 371.1354 2 2002 9
2002.786 372.2745 371.4652 371.9082 371.3226 2 2002 10
2002.871 372.175 371.6011 371.8674 371.5175 2 2002 11
2002.953 371.6243 371.481 371.6254 371.7079 2 2002 12
2003.038 371.4935 371.7649 371.4092 371.9068 2 2003 1
2003.123 371.6567 372.1059 371.4314 372.1063 2 2003 2
2003.2 371.8299 372.2295 371.6602 372.2848 2 2003 3
2003.285 372.6429 372.8348 372.0631 372.4775 2 2003 4
2003.367 372.8484 372.8515 372.4316 372.6566 3 2003 5
2003.452 372.7645 372.5756 372.8017 372.835 2 2003 6
2003.534 373.4851 372.9668 373.3025 373.004 2 2003 7
2003.619 373.871 373.0456 373.7833 373.1765 2 2003 8
2003.704 374.3915 373.5099 374.0116 373.3469 1 2003 9
2003.786 374.1885 373.3853 374.095 373.5093 3 2003 10
2003.871 374.4345 373.8679 374.0236 373.6738 1 2003 11
2003.953 374.1116 373.9763 373.7455 373.828 2 2003 12
2004.038 373.8745 374.1531 373.4843 373.9815 2 2004 1
2004.123 373.5154 373.9703 373.4555 374.1302 2 2004 2
2004.202 373.9931 374.3956 373.6463 374.267 2 2004 3
2004.287 373.771 373.9612 374.0032 374.4123 1 2004 4
2004.369 374.1874 374.1915 374.3316 374.5533 2 2004 5
2004.454 375.1952 375.0095 374.6707 374.6993 2 2004 6
2004.535 375.4552 374.9376 375.1419 374.8377 2 2004 7
2004.62 376.2176 375.3977 375.5847 374.9757 3 2004 8
2004.705 375.8352 374.9587 375.7743 375.11 2 2004 9
2004.787 375.871 375.0742 375.8266 375.2419 2 2004 10
2004.872 375.6559 375.0948 375.7335 375.3852 2 2004 11
2004.954 375.6437 375.5142 375.4504 375.5337 3 2004 12
2005.038 375.2805 375.5641 375.2009 375.6984 2 2005 1
2005.123 375.3257 375.7868 375.2002 375.875 2 2005 2
2005.2 375.4219 375.8331 375.4191 376.0437 2 2005 3
2005.285 375.7663 375.9682 375.8239 376.2383 1 2005 4
2005.367 376.6854 376.7011 376.2049 376.4298 2 2005 5
2005.452 376.9211 376.7459 376.5926 376.6259 2 2005 6
2005.534 377.4485 376.9432 377.1089 376.8104 3 2005 7
2005.619 377.8725 377.0604 377.6007 376.9939 2 2005 8
2005.704 378.101 377.2318 377.8349 377.1703 2 2005 9
2005.786 377.9914 377.2008 377.9206 377.335 2 2005 10
2005.871 378.1521 377.5978 377.8497 377.4999 1 2005 11
2005.953 377.5838 377.46 377.5723 377.6548 3 2005 12
2006.038 377.6747 377.9663 377.3118 377.8094 1 2006 1
2006.123 377.6465 378.1153 377.2815 377.9564 2 2006 2
2006.2 377.82 378.2392 377.4569 378.0816 3 2006 3
2006.285 378.09 378.2997 377.7983 378.2127 3 2006 4
2006.367 378.3564 378.3777 378.1098 378.3348 1 2006 5
2006.452 378.6562 378.4868 378.4266 378.4598 3 2006 6
2006.534 378.9366 378.4364 378.8823 378.5838 2 2006 7
2006.619 379.4203 378.6134 379.3259 378.7191 2 2006 8
2006.704 379.2953 378.4301 379.5296 378.865 1 2006 9
2006.786 379.4749 378.6893 379.6035 379.0178 1 2006 10
2006.871 379.6719 379.1228 379.5368 379.1869 1 2006 11
2006.953 379.4008 379.2832 379.277 379.3595 3 2006 12
2007.038 379.4251 379.7226 379.0469 379.5444 2 2007 1
2007.123 379.4312 379.9061 379.0583 379.7331 2 2007 2
2007.2 379.4989 379.9237 379.2808 379.9055 2 2007 3
2007.285 379.7676 379.9831 379.6841 380.0985 2 2007 4
2007.367 380.3852 380.4134 380.0627 380.2877 2 2007 5
2007.452 380.6707 380.5083 380.4521 380.4853 2 2007 6
2007.534 381.0296 380.5366 380.9774 380.679 2 2007 7
2007.619 381.5519 380.7524 381.4887 380.8819 3 2007 8
2007.704 381.92 381.064 381.7511 381.0864 1 2007 9
2007.786 382.0639 381.2874 381.8689 381.2832 2 2007 10
2007.871 381.9609 381.4199 381.8322 381.4824 3 2007 11
2007.953 381.808 381.6988 381.5859 381.6684 2 2007 12
2008.038 381.7398 382.045 381.3526 381.8498 2 2008 1
2008.123 382.3817 382.8667 381.3421 382.0167 1 2008 2
2008.202 381.8913 382.3206 381.5375 382.1582 2 2008 3
2008.287 382.1357 382.3542 381.8865 382.2956 2 2008 4
2008.369 382.182 382.2132 382.1979 382.4195 3 2008 5
2008.454 382.646 382.4858 382.5145 382.5431 2 2008 6
2008.535 383.2308 382.7398 382.9655 382.6613 2 2008 7
2008.62 383.5291 382.7345 383.3927 382.7836 2 2008 8
2008.705 383.5301 382.6802 383.5723 382.9081 4 2008 9
2008.787 383.9042 383.1352 383.6162 383.0314 2 2008 10
2008.872 383.6772 383.1437 383.5082 383.1598 2 2008 11
2008.954 383.5251 383.4227 383.1994 383.2826 2 2008 12
2009.038 383.2249 383.5358 382.9085 383.4061 2 2009 1
2009.123 383.0733 383.5609 382.8504 383.5253 2 2009 2
2009.2 383.2943 383.7325 383.0048 383.6295 2 2009 3
2009.285 383.5143 383.743 383.3279 383.7423 2 2009 4
2009.367 383.8746 383.9152 383.6259 383.8509 2 2009 5
2009.452 384.0723 383.9219 383.9318 383.965 2 2009 6
2009.534 384.5243 384.0438 384.3785 384.08 2 2009 7
2009.619 384.7421 383.9541 384.8127 384.2059 2 2009 8
2009.704 385.1273 384.2829 385.0053 384.3407 2 2009 9
2009.786 385.3283 384.5636 385.0649 384.4793 1 2009 10
2009.871 385.284 384.7549 384.9797 384.6299 2 2009 11
2009.953 384.8045 384.706 384.6996 384.782 2 2009 12
2010.038 384.6689 384.985 384.4484 384.946 2 2010 1
2010.123 384.8669 385.3609 384.442 385.1169 1 2010 2
2010.2 384.7171 385.1604 384.653 385.2777 3 2010 3
2010.285 385.0881 385.3225 385.0494 385.4637 2 2010 4
2010.367 385.3585 385.4045 385.4263 385.6513 2 2010 5
2010.452 385.6755 385.5309 385.8169 385.8502 1 2010 6
2010.534 386.4935 386.0203 386.3416 386.0432 2 2010 7
2010.619 387.2363 386.4574 386.8439 386.2371 2 2010 8
2010.704 387.5018 386.666 387.084 386.4194 2 2010 9
2010.786 387.5883 386.8318 387.1666 386.581 2 2010 10
2010.871 387.4488 386.9276 387.0813 386.7315 2 2010 11
2010.953 387.1654 387.0756 386.78 386.8625 2 2010 12
2011.038 386.8096 387.1335 386.4888 386.9864 2 2011 1
2011.123 386.5303 387.0305 386.4294 387.1043 2 2011 2
2011.2 386.532 386.9819 386.5864 387.2111 2 2011 3
2011.285 386.9147 387.1558 386.9205 387.3349 2 2011 4
2011.367 387.2733 387.3264 387.2384 387.4634 2 2011 5
2011.452 387.6846 387.5474 387.5737 387.6069 2 2011 6
2011.534 388.067 387.5996 388.055 387.7566 2 2011 7
2011.619 388.5229 387.7489 388.5286 387.9218 2 2011 8
2011.704 389.0962 388.2664 388.7603 388.0956 2 2011 9
2011.786 389.0109 388.2598 388.8547 388.269 2 2011 10
2011.871 389.0817 388.5668 388.8013 388.4515 2 2011 11
2011.953 388.952 388.8689 388.5474 388.6299 2 2011 12
2012.038 388.5309 388.8609 388.3183 388.8155 2 2012 1
2012.123 388.3662 388.8731 388.3292 389.0039 2 2012 2
2012.202 388.7883 389.2427 388.5641 389.1848 2 2012 3
2012.287 389.0832 389.3272 388.9756 389.3847 2 2012 4
2012.369 389.4086 389.4664 389.3642 389.5859 2 2012 5
2012.454 389.6728 389.5385 389.7738 389.8024 2 2012 6
2012.535 390.5538 390.0901 390.3236 390.0194 2 2012 7
2012.62 391.0143 390.2476 390.8571 390.2481 2 2012 8
2012.705 391.5687 390.7488 391.1429 390.4786 2 2012 9
2012.787 391.3854 390.6443 391.2868 390.702 2 2012 10
2012.872 391.3761 390.8715 391.282 390.9336 2 2012 11
2012.954 391.2345 391.1608 391.0751 391.1583 1 2012 12
2013.038 391.1087 391.4489 390.8931 391.3907 2 2013 1
2013.123 390.8289 391.3453 390.9478 391.6227 2 2013 2
2013.2 391.5339 392.0029 391.2063 391.831 3 2013 3
2013.285 391.7168 391.9761 391.644 392.0584 1 2013 4
2013.367 392.178 392.2498 392.0493 392.2743 2 2013 5
2013.452 392.5968 392.4784 392.4588 392.4921 2 2013 6
2013.534 393.2386 392.791 392.9951 392.6966 2 2013 7
2013.619 393.7352 392.9813 393.5074 392.9006 2 2013 8
2013.704 393.8972 393.086 393.7614 393.0967 2 2013 9
2013.786 394.0306 393.299 393.8651 393.2794 2 2013 10
2013.871 393.9818 393.4858 393.8112 393.4613 2 2013 11
2013.953 393.7487 393.6841 393.5488 393.6313 2 2013 12
2014.038 393.4893 393.8387 393.3041 393.8016 2 2014 1
2014.123 393.4121 393.9386 393.293 393.9679 3 2014 2
2014.2 393.5551 394.0319 393.4916 394.1162 1 2014 3
2014.285 393.6279 393.8948 393.8653 394.2797 1 2014 4
2014.367 394.4734 394.5541 394.2124 394.4374 2 2014 5
2014.452 394.6856 394.5756 394.5664 394.5997 2 2014 6
2014.534 395.3925 394.9536 395.0546 394.7562 2 2014 7
2014.619 395.8077 395.0621 395.5247 394.9179 1 2014 8
2014.704 396.1511 395.3491 395.7465 395.0818 1 2014 9
2014.786 395.9077 395.1836 395.8312 395.2455 3 2014 10
2014.871 395.7786 395.2899 395.7741 395.4242 3 2014 11
2014.953 395.3336 395.2753 395.5275 395.61 1 2014 12
2015.038 395.1261 395.4821 395.3203 395.8179 2 2015 1
2015.123 395.5593 396.0943 395.3667 396.0416 2 2015 2
2015.2 395.8622 396.3483 395.6295 396.2541 2 2015 3
2015.285 396.1853 396.4624 396.0829 396.4973 2 2015 4
2015.367 396.7504 396.8404 396.5128 396.7378 3 2015 5
2015.452 397.0695 396.969 396.9556 396.9888 1 2015 6
2015.534 397.7249 397.2954 397.5308 397.2323 2 2015 7
2015.619 398.3525 397.6173 398.0899 397.4831 2 2015 8
2015.704 398.7064 397.9147 398.3967 397.7321 2 2015 9
2015.786 398.7343 398.0217 398.5582 397.9725 2 2015 10
2015.871 398.7431 398.2665 398.5728 398.2229 1 2015 11
2015.953 398.3729 398.327 398.3875 398.4699 2 2015 12
2016.038 398.0853 398.453 398.2355 398.7327 2 2016 1
2016.123 397.7428 398.2865 398.3304 399.005 2 2016 2
2016.202 398.7369 399.2308 398.6472 399.2678 3 2016 3
2016.287 399.305 399.5896 399.1413 399.5504 1 2016 4
2016.369 400.1445 400.2452 399.5947 399.8164 2 2016 5
2016.454 400.6219 400.5315 400.0464 400.075 1 2016 6
2016.535 401.1607 400.7398 400.6089 400.3047 1 2016 7
2016.62 401.5413 400.8171 401.1276 400.5186 2 2016 8
2016.705 401.8328 401.0546 401.3734 400.7091 1 2016 9
2016.787 401.8636 401.1651 401.4582 400.8734 2 2016 10
2016.872 401.4364 400.9725 401.3754 401.027 1 2016 11
2016.954 401.1296 401.096 401.0839 401.1671 2 2016 12
2017.038 400.7341 401.1132 400.8136 401.3111 3 2017 1
2017.123 400.9255 401.4827 400.787 401.4618 1 2017 2
2017.2 400.9185 401.4254 400.9837 401.6083 2 2017 3
2017.285 400.9875 401.2845 401.3708 401.7852 2 2017 4
2017.367 401.8806 401.992 401.7466 401.9716 2 2017 5
2017.452 402.2514 402.1725 402.1441 402.1774 2 2017 6
2017.534 402.7897 402.3814 402.6848 402.3863 3 2017 7
2017.619 403.4403 402.7265 403.2161 402.6093 1 2017 8
2017.704 403.6517 402.881 403.5009 402.8362 2 2017 9
2017.786 403.8196 403.1286 403.643 403.0573 2 2017 10
2017.871 403.6587 403.2029 403.6349 403.2851 2 2017 11
2017.953 403.5515 403.5275 403.4209 403.5034 3 2017 12
2018.038 403.3408 403.731 403.2273 403.7249 2 2018 1
2018.123 403.4506 404.0186 403.2655 403.9404 2 2018 2
2018.2 403.6651 404.1838 403.5044 404.129 2 2018 3
2018.285 403.9776 404.2873 403.9161 404.3305 2 2018 4
2018.367 404.4387 404.5611 404.2925 404.5175 2 2018 5
2018.452 405.0371 404.9704 404.669 404.7023 2 2018 6
2018.534 405.1058 404.7077 405.1715 404.873 2 2018 7
2018.619 405.9816 405.2789 405.6498 405.043 2 2018 8
2018.704 405.8654 405.1043 405.8731 405.2085 3 2018 9
2018.786 405.9228 405.2409 405.9521 405.3664 2 2018 10
2018.871 405.8823 405.4361 405.879 405.5291 2 2018 11
2018.953 405.7639 405.7496 405.6045 405.687 2 2018 12
